|lambda|step|Number of Episodes|Cumm. Regret + sd|Cumm. Reward + sd|%captured|%goal|
|0.90|16|46994|33239.667 + 458.480 (3)|13754.333 + 423.505 (3)|0.293|0.707|
|0.80|8|46994|32945.500 + 1382.500 (2)|14048.500 + 1423.062 (2)|0.299|0.701|
|0.50|32|46994|30615.000 + 148.513 (3)|16379.000 + 126.867 (3)|0.349|0.651|
|0.80|4|46994|34275.667 + 468.071 (3)|12718.333 + 336.650 (3)|0.271|0.729|
|0.50|4|46994|34293.667 + 250.899 (3)|12700.333 + 191.599 (3)|0.270|0.730|
|0.00|4|46994|34146.667 + 765.117 (3)|12847.333 + 550.374 (3)|0.273|0.727|
|0.00|2|46994|34690.667 + 105.117 (3)|12303.333 + 79.138 (3)|0.262|0.738|
|0.80|1|46994|35736.000 + 435.103 (3)|11258.000 + 346.574 (3)|0.240|0.760|
|0.90|32|46994|31574.000 + 714.757 (3)|15420.000 + 529.398 (3)|0.328|0.672|
|0.00|8|46994|33596.667 + 257.124 (3)|13397.333 + 197.630 (3)|0.285|0.715|
|0.50|1|46994|35124.667 + 284.671 (3)|11869.333 + 210.873 (3)|0.253|0.747|
|0.90|4|46994|34229.667 + 728.375 (3)|12764.333 + 524.978 (3)|0.272|0.728|
|0.95|8|46994|33881.667 + 953.500 (3)|13112.333 + 861.794 (3)|0.279|0.721|
|0.90|1|46994|36110.000 + 68.707 (3)|10884.000 + 77.699 (3)|0.232|0.768|
|0.50|16|46994|33499.333 + 128.868 (3)|13494.667 + 183.755 (3)|0.287|0.713|
|0.95|16|46994|33185.000 + 305.068 (3)|13809.000 + 366.297 (3)|0.294|0.706|
|0.50|2|46994|33813.333 + 96.182 (3)|13180.667 + 154.746 (3)|0.280|0.720|
|0.00|16|46994|33031.667 + 475.678 (3)|13962.333 + 583.694 (3)|0.297|0.703|
|0.80|16|46994|33502.667 + 274.044 (3)|13491.333 + 413.414 (3)|0.287|0.713|
|0.95|1|46994|35543.000 + 218.473 (3)|11451.000 + 184.396 (3)|0.244|0.756|
|0.50|8|46994|33239.333 + 521.933 (3)|13754.667 + 565.795 (3)|0.293|0.707|
|0.80|32|46994|31234.000 + 574.345 (3)|15760.000 + 420.679 (3)|0.335|0.665|
|0.00|32|46994|30641.333 + 1024.240 (3)|16352.667 + 1097.624 (3)|0.348|0.652|
|0.95|2|46994|35014.667 + 920.682 (3)|11979.333 + 664.844 (3)|0.255|0.745|
|0.00|1|46994|35718.000 + 450.685 (3)|11276.000 + 320.853 (3)|0.240|0.760|
|0.95|4|46994|34609.000 + 721.965 (3)|12385.000 + 525.811 (3)|0.264|0.736|
|0.95|32|46994|31211.667 + 492.464 (3)|15782.333 + 356.643 (3)|0.336|0.664|
|0.90|2|46994|34823.667 + 424.275 (3)|12170.333 + 321.628 (3)|0.259|0.741|
|0.80|2|46994|35153.667 + 558.508 (3)|11840.333 + 484.979 (3)|0.252|0.748|
|0.90|8|46994|34570.333 + 92.737 (3)|12423.667 + 210.006 (3)|0.264|0.736|
